"ID","Autor_anio","Revista","DOI_enlace","Pais_origen_aislamientos","Decision","Codigo","Motivo_principal_EN","En_metaanalisis","Captado_PubMed_S4_2026-09-18","Captado_Scopus_S4_2026-09-19","En_flujo_PRISMA","Fuente_identificacion"
"I01","García et al., 2012","Emerg Infect Dis","https://doi.org/10.3201/eid1803.100878","Perú (Lima)","INCLUIDO","","","SI","NO","SI","SI","PubMed/Scopus 2026"
"I02","Luján-Roca et al., 2013","Rev Electrónica de Biomedicina","(sin DOI) 2013;1:25-30","Perú (Lima)","INCLUIDO","","","SI","NO","NO","SI","Otras fuentes (Google Scholar, SciELO 2025, cribado original)"
"I03","García et al., 2016","Am J Trop Med Hyg","https://doi.org/10.4269/ajtmh.15-0373","Perú (Lima/Callao)","INCLUIDO","","","NO - informe secundario del mismo estudio que I01 (Cochrane MECIR C42); aporta muestra, metodos y subgrupo neonatal; entra solo en sensibilidad","SI (PMID 26643537)","SI","SI","PubMed/Scopus 2026"
"I04","Miranda et al., 2019","Rev Peru Med Exp Salud Publica","https://doi.org/10.17843/rpmesp.2019.361.3765","Perú (Lima)","INCLUIDO","","","SI","SI (PMID 31116345)","NO","SI","PubMed/Scopus 2026"
"I05","Flores-Paredes et al., 2021","Infect Chemother","https://doi.org/10.3947/ic.2021.0015","Perú (Lima)","INCLUIDO","","","SI","SI (PMID 34508324)","SI","SI","PubMed/Scopus 2026"
"I06","Pérez-Lazo et al., 2021","Antibiotics (Basel)","https://doi.org/10.3390/antibiotics10101221","Perú (Lima)","INCLUIDO","","","SI","SI (PMID 34680802)","SI","SI","PubMed/Scopus 2026"
"X56","Fajardo-Loyola et al., 2023","Rev Fac Med (Bogotá)","https://doi.org/10.15446/revfacmed.v71n3.104282","Perú (Lima/Callao)","EXCLUIDO","E5","Resistance-selected sampling (stored collection of antibiotic-resistant, ESBL-producing isolates; no sampling frame or population denominator)","NO","NO","NO","SI","Otras fuentes (Google Scholar, SciELO 2025, cribado original)"
"I08","Rondon et al., 2023","J Infect Public Health","https://doi.org/10.1016/j.jiph.2023.10.030","Perú (9 regiones)","INCLUIDO","","","SI","SI (PMID 37957105)","SI","SI","PubMed/Scopus 2026"
"I09","Krapp et al., 2023","Am J Trop Med Hyg","https://doi.org/10.4269/ajtmh.22-0556","Perú (nacional, VIRAPERU)","INCLUIDO","","","SI","SI (PMID 37722663)","SI","SI","PubMed/Scopus 2026"
"X01","García-Cedrón et al., 2023","Medicina (Kaunas)","https://doi.org/10.3390/medicina59101763","Perú (Trujillo)","EXCLUIDO","E5","Resistance-selected sampling (carbapenem-resistant ICU cultures only); no population denominator and no 3GC testing reported","NO","SI (PMID 37893481)","NO","SI","PubMed/Scopus 2026"
"X02","Roach et al., 2020","Open Forum Infect Dis","https://doi.org/10.1093/ofid/ofaa266","Perú (Lima, Hosp. Dos de Mayo)","EXCLUIDO","E7","Cephalosporin resistance reported at class level only (generation not specified); 3GC resistance could not be confirmed","NO","NO","NO","SI","Otras fuentes (Google Scholar, SciELO 2025, cribado original)"
"X03","Cuicapuza et al., 2024","Microbiol Spectr","https://doi.org/10.1128/spectrum.02503-23","Perú (Lima)","EXCLUIDO","E5","Resistance-selected sampling (suspected CPE chosen by meropenem MIC >=1 ug/mL); no population denominator","NO","SI (PMID 38193666)","NO","SI","PubMed/Scopus 2026"
"X04","Velásquez Acosta et al., 2004","Rev Peru Pediatr","https://pediatria.pe/index.php/pedperu/article/view/85","Perú (Lima, IESN)","EXCLUIDO","E1","Klebsiella reported at genus level only (Klebsiella sp.); no species-level K. pneumoniae data","NO","NO","NO","SI","Otras fuentes (Google Scholar, SciELO 2025, cribado original)"
"X05","Apaza Turpo, 2017","Rev Investig Esc Posgrado UNA-Puno","https://doi.org/10.26788/riepg.2017.31","Perú (Puno)","EXCLUIDO","E1","Klebsiella reported at genus level only (Klebsiella sp.); results not disaggregated by organism and antibiotic","NO","NO","NO","SI","Otras fuentes (Google Scholar, SciELO 2025, cribado original)"
"X06","Palomino-Kobayashi et al., 2025","JAC Antimicrob Resist","https://doi.org/10.1093/jacamr/dlaf089","Perú (Lima)","EXCLUIDO","E4","Single-isolate case report (blaSCO-1, ST307); no prevalence estimate","NO","SI (PMID 40421127)","SI","SI","PubMed/Scopus 2026"
"X07","Aguilar-Ancori et al., 2025","Sci Rep","https://doi.org/10.1038/s41598-025-97464-8","Perú (Cusco)","EXCLUIDO","E5","Resistance-selected sampling (isolates preselected for suspected ESBL/carbapenemase phenotype); 3GC resistance ~100% by design, no population denominator","NO","SI (PMID 40295561)","NO","SI","PubMed/Scopus 2026"
"X08","Díaz-Sipión et al., 2020","Rev Cuerpo Med HNAAA","https://doi.org/10.35434/rcmhnaaa.2020.133.742","Perú (Lambayeque)","EXCLUIDO","E4","Short detection report of four carbapenemase-producing isolates; no prevalence estimate","NO","NO","NO","SI","Otras fuentes (Google Scholar, SciELO 2025, cribado original)"
"X09","Bailón & Sacsaquispe, 2013","Rev Med Hered","https://www.scielo.org.pe/pdf/rmh/v24n2/v24n2ao1.pdf","Perú (Lima)","EXCLUIDO","E4","Outbreak investigation of seven ESBL-producing isolates (neonatal unit); no prevalence estimate","NO","NO","NO","SI","Otras fuentes (Google Scholar, SciELO 2025, cribado original)"
"X10","Krapp et al., 2025","Microbiol Spectr","https://doi.org/10.1128/spectrum.01825-24","Perú (Lima)","EXCLUIDO","E5","Resistance-selected sampling (66 carbapenem-resistant K. pneumoniae, 2015-2019); no population denominator","NO","SI (PMID 39792003)","NO","SI","PubMed/Scopus 2026"
"X11","Horna et al., 2017","J Glob Antimicrob Resist","https://pubmed.ncbi.nlm.nih.gov/28219824/","Perú","EXCLUIDO","E4","Single-isolate report (first KPC-2-producing K. pneumoniae ST340 in Peru); no prevalence estimate","NO","SI (PMID 28219824)","NO","SI","PubMed/Scopus 2026"
"X12","Ortiz-Gómez et al., 2026","J Infect Dev Ctries","https://doi.org/10.3855/jidc.18676","Perú (Lima)","EXCLUIDO","E5","Resistance-selected sampling (carbapenemase-producing Enterobacterales only); no population denominator of K. pneumoniae isolates","NO","SI (PMID 42112727)","SI","SI","PubMed/Scopus 2026"
"X13","Angles-Yanqui et al., 2020","Rev Panam Salud Publica","https://doi.org/10.26633/RPSP.2020.61","Perú","EXCLUIDO","E6","Not a primary observational study (literature review of carbapenemase reports)","NO","NO","NO","SI","Otras fuentes (Google Scholar, SciELO 2025, cribado original)"
"X14","Rojas-Alvarado et al., 2025","Infect Chemother","https://icjournal.org/DOIx.php?id=10.3947/ic.2025.0022","Perú (Lima)","EXCLUIDO","E7","No K. pneumoniae-specific 3GC data (susceptibility results reported for Enterobacterales without species breakdown)","NO","SI (PMID 40958489)","NO","SI","PubMed/Scopus 2026"
"X15","Díaz-Tello et al., 2017","Rev Peru Med Exp Salud Publica","https://doi.org/10.17843/rpmesp.2017.341.2709","Perú (Lima)","EXCLUIDO","E3","Non-human isolates (environmental sampling of inanimate ICU surfaces)","NO","NO","NO","SI","Otras fuentes (Google Scholar, SciELO 2025, cribado original)"
"X16","Pérez-Lazo et al., 2025","Open Forum Infect Dis","https://doi.org/10.1093/ofid/ofaf729","Perú (Lima, Hosp. Almenara)","EXCLUIDO","E7","No K. pneumoniae-specific 3GC data (ceftriaxone susceptibility reported for E. coli and K. pneumoniae combined)","NO","SI (PMID 41383844)","NO","SI","PubMed/Scopus 2026"
"X17","Sanikhani et al., 2021","Ann Clin Microbiol Antimicrob","https://doi.org/10.1186/s12941-021-00467-2","Irán","EXCLUIDO","E2","No Peruvian data (Iran)","NO","NO","NO","NO - fuera del flujo documentado (decision 19-sep-2026: sin datos de Peru; ninguna cadena de la Tabla S4 puede recuperarlo; no va a S5 ni a la Figura 1)","Otras fuentes (Google Scholar, SciELO 2025, cribado original)"
"X18","Rodríguez-Noriega et al., 2022","Front Cell Infect Microbiol","https://doi.org/10.3389/fcimb.2022.867347","México","EXCLUIDO","E2","No Peruvian data (Mexico)","NO","NO","NO","NO - fuera del flujo documentado (decision 19-sep-2026: sin datos de Peru; ninguna cadena de la Tabla S4 puede recuperarlo; no va a S5 ni a la Figura 1)","Otras fuentes (Google Scholar, SciELO 2025, cribado original)"
"X19","Kuang et al., 2025","BMC Microbiol","https://doi.org/10.1186/s12866-025-04266-z","China","EXCLUIDO","E2","No Peruvian data (China; animal and environmental isolates)","NO","NO","NO","NO - fuera del flujo documentado (decision 19-sep-2026: sin datos de Peru; ninguna cadena de la Tabla S4 puede recuperarlo; no va a S5 ni a la Figura 1)","Otras fuentes (Google Scholar, SciELO 2025, cribado original)"
"X20","Qiu et al., 2025","Front Microbiol","https://doi.org/10.3389/fmicb.2025.1546805","China","EXCLUIDO","E2","No Peruvian data (China)","NO","NO","NO","NO - fuera del flujo documentado (decision 19-sep-2026: sin datos de Peru; ninguna cadena de la Tabla S4 puede recuperarlo; no va a S5 ni a la Figura 1)","Otras fuentes (Google Scholar, SciELO 2025, cribado original)"
"X21","Xu et al., 2025","Microbiol Spectr","https://doi.org/10.1128/spectrum.02170-24","China","EXCLUIDO","E2","No Peruvian data (China)","NO","NO","NO","NO - fuera del flujo documentado (decision 19-sep-2026: sin datos de Peru; ninguna cadena de la Tabla S4 puede recuperarlo; no va a S5 ni a la Figura 1)","Otras fuentes (Google Scholar, SciELO 2025, cribado original)"
"X22","Najjuka et al., 2016","BMC Res Notes","https://doi.org/10.1186/s13104-016-2049-8","Uganda","EXCLUIDO","E2","No Peruvian data (Uganda)","NO","NO","NO","NO - fuera del flujo documentado (decision 19-sep-2026: sin datos de Peru; ninguna cadena de la Tabla S4 puede recuperarlo; no va a S5 ni a la Figura 1)","Otras fuentes (Google Scholar, SciELO 2025, cribado original)"
"X23","Ponce & Calzolari, 2022","Arandu Poty","https://doi.org/10.67053/rap.v1i2.29","Argentina","EXCLUIDO","E2","No Peruvian data (Argentina)","NO","NO","NO","NO - fuera del flujo documentado (decision 19-sep-2026: sin datos de Peru; ninguna cadena de la Tabla S4 puede recuperarlo; no va a S5 ni a la Figura 1)","Otras fuentes (Google Scholar, SciELO 2025, cribado original)"
"X24","Sadeq et al., 2025","SAR J Pathol Microbiol","https://sarpublication.com/media/articles/SARJPM_63_97-103_FTc.pdf","Irak","EXCLUIDO","E2","No Peruvian data (Iraq; bovine mastitis isolates)","NO","NO","NO","NO - fuera del flujo documentado (decision 19-sep-2026: sin datos de Peru; ninguna cadena de la Tabla S4 puede recuperarlo; no va a S5 ni a la Figura 1)","Otras fuentes (Google Scholar, SciELO 2025, cribado original)"
"X25","Anes et al., 2017","Front Microbiol","https://doi.org/10.3389/fmicb.2017.01913","Irlanda","EXCLUIDO","E2","No Peruvian data (Ireland)","NO","NO","NO","NO - fuera del flujo documentado (decision 19-sep-2026: sin datos de Peru; ninguna cadena de la Tabla S4 puede recuperarlo; no va a S5 ni a la Figura 1)","Otras fuentes (Google Scholar, SciELO 2025, cribado original)"
"X26","Akgül & Bora, 2022","Int J Med Parasitol Epidemiol Sci","https://doi.org/10.34172/ijmpes.3110","Turquía","EXCLUIDO","E2","No Peruvian data (Turkey)","NO","NO","NO","NO - fuera del flujo documentado (decision 19-sep-2026: sin datos de Peru; ninguna cadena de la Tabla S4 puede recuperarlo; no va a S5 ni a la Figura 1)","Otras fuentes (Google Scholar, SciELO 2025, cribado original)"
"X27","Huang et al., 2021","Antimicrob Agents Chemother","https://doi.org/10.1128/aac.00692-21","No declarado","EXCLUIDO","E6","Not a primary observational study (experimental PK/PD study: time-kill, hollow-fibre and murine models)","NO","NO","NO","SI","Otras fuentes (Google Scholar, SciELO 2025, cribado original)"
"X28","Fuentes-Castillo et al., 2021","Int J Antimicrob Agents","https://doi.org/10.1016/j.ijantimicag.2021.106389","Perú","EXCLUIDO","E3","Non-human isolates (livestock)","NO","SI (PMID 34166775)","SI","SI","PubMed/Scopus 2026"
"X29","Su et al., 2022","BMC Vet Res","https://doi.org/10.1186/s12917-022-03276-7","China","EXCLUIDO","E2","No Peruvian data (China; captive giant pandas)","NO","NO","NO","NO - fuera del flujo documentado (decision 19-sep-2026: sin datos de Peru; ninguna cadena de la Tabla S4 puede recuperarlo; no va a S5 ni a la Figura 1)","Otras fuentes (Google Scholar, SciELO 2025, cribado original)"
"X30","Moya-Salazar et al., 2022","Braz J Vet Med","https://bjvm.org.br/BJVM/article/view/1272","Perú","EXCLUIDO","E3","Non-human isolates (farmed rainbow trout)","NO","SI (PMID 36523569)","NO","SI","PubMed/Scopus 2026"
"X31","Silva et al., 2025","Microorganisms","https://doi.org/10.3390/microorganisms13081931","Portugal","EXCLUIDO","E2","No Peruvian data (Portugal; farmed rabbits)","NO","NO","NO","NO - fuera del flujo documentado (decision 19-sep-2026: sin datos de Peru; ninguna cadena de la Tabla S4 puede recuperarlo; no va a S5 ni a la Figura 1)","Otras fuentes (Google Scholar, SciELO 2025, cribado original)"
"X32","Arteaga-Livias et al., 2021","Infect Control Hosp Epidemiol","https://doi.org/10.1017/ice.2020.1401","Perú (Huánuco)","EXCLUIDO","E4","Outbreak report (letter); no prevalence estimate","NO","SI (PMID 33397537)","NO","SI","PubMed/Scopus 2026"
"X33","Gonzales-Rodriguez et al., 2025","Rev Argent Microbiol","https://doi.org/10.1016/j.ram.2024.10.008","Perú (Lima)","EXCLUIDO","E4","Single-patient first report (KPC-35, ST258); no prevalence estimate","NO","SI (PMID 39848816)","SI","SI","PubMed/Scopus 2026"
"X34","Quispe Pari et al., 2018","Medwave","https://doi.org/10.5867/medwave.2018.02.7191","Perú (Huancayo)","EXCLUIDO","E4","Case report; no prevalence estimate","NO","SI (PMID 29652297)","NO","SI","PubMed/Scopus 2026"
"X35","Morales-Moreno et al., 2021","Rev Cuerpo Med HNAAA","https://doi.org/10.35434/rcmhnaaa.2021.143.1260","Perú (Lima)","EXCLUIDO","E4","Case series of two patients (OXA-48); no prevalence estimate","NO","NO","NO","SI","Otras fuentes (Google Scholar, SciELO 2025, cribado original)"
"X36","Pons et al., 2020","Microorganisms","https://pmc.ncbi.nlm.nih.gov/articles/PMC7563475/","Perú","EXCLUIDO","E4","Outbreak report (30 NDM-1-producing ST348 isolates, June 2018); no prevalence estimate","NO","SI (PMID 32932763)","NO","SI","PubMed/Scopus 2026"
"X37","Sacsaquispe-Contreras & Bailón-Calderón, 2018","Rev Peru Med Exp Salud Publica","https://rpmesp.ins.gob.pe/index.php/rpmesp/article/view/3829","Perú (12 hospitales, INS)","EXCLUIDO","E5","Resistance-selected sampling (isolates referred to the national reference laboratory for carbapenemase confirmation); no population denominator","NO","NO","NO","SI","Otras fuentes (Google Scholar, SciELO 2025, cribado original)"
"X38","Castilla Torres, 2024","Thesis, Universidad Ricardo Palma","https://repositorio.urp.edu.pe/bitstreams/a57901bd-9389-4268-9ea2-d24a567362b5/download","Perú (Ayacucho)","EXCLUIDO","E8","Unpublished thesis (grey literature, not peer-reviewed); excluded under the protocol restriction to published studies","NO","NO","NO","SI","Otras fuentes (Google Scholar, SciELO 2025, cribado original)"
"X39","Garcia et al., 2026","Microbiol Spectr","https://doi.org/10.1128/spectrum.00762-26","Perú (10 hospitales, 6 regiones)","EXCLUIDO","E5","Resistance-selected sampling (carbapenem-non-susceptible Enterobacterales only); no population denominator","NO","SI (PMID 42549896)","NO","NO - excluido en el cribado por fecha: publicado despues de julio de 2026 (ventana declarada: enero 2003 - julio 2026). Se leyo a texto completo solo como verificacion interna.","PubMed/Scopus 2026"
"X40","Soto-Flores et al., 2026","Rev Peru Med Exp Salud Publica","https://doi.org/10.17843/rpmesp.2026.432.15661","Perú (Lima)","EXCLUIDO","E5","Resistance-selected sampling (carbapenemase-producing isolates with reduced amikacin susceptibility); no population denominator","NO","SI (PMID 42531587)","NO","SI","PubMed/Scopus 2026"
"X41","Lara-Herrera et al., 2026","Rev Peru Med Exp Salud Publica","https://doi.org/10.17843/rpmesp.2026.432.15600","Perú (Lima, HNGAI)","EXCLUIDO","E5","Resistance-selected sampling (carbapenemase-producing K. pneumoniae bloodstream isolates in neonates); no population denominator","NO","SI (PMID 42531584)","NO","SI","PubMed/Scopus 2026"
"X42","Quispe Oré et al., 2026","Microorganisms","https://doi.org/10.3390/microorganisms14071573","Perú (4 regiones)","EXCLUIDO","E5","Resistance-selected sampling (seven isolates preselected as multidrug-resistant); no population denominator","NO","SI (PMID 42514078)","NO","SI","PubMed/Scopus 2026"
"X43","Gonzales-Escalante et al., 2026 (preprint)","bioRxiv","https://doi.org/10.64898/2026.04.28.721358","Perú (Lima)","EXCLUIDO","E5","Resistance-selected sampling (suspected CPE selected by ertapenem zone <=22 mm); no population denominator","NO","SI (PMID 42094553)","NO","SI","PubMed/Scopus 2026"
"X44","Aguilar-Luis et al., 2026","BMC Microbiol","https://doi.org/10.1186/s12866-026-04847-6","Perú (Lima, HNGAI)","EXCLUIDO","E7","No K. pneumoniae-specific 3GC data (only ciprofloxacin and amikacin were tested)","NO","SI (PMID 41814172)","NO","SI","PubMed/Scopus 2026"
"X45","Cuicapuza et al., 2023","Microbiol Spectr","https://doi.org/10.1128/spectrum.04584-22","Perú (Lima)","EXCLUIDO","E5","Resistance-selected sampling (five carbapenem-resistant OXA-48-like-producing isolates); no population denominator","NO","SI (PMID 37022279)","NO","SI","PubMed/Scopus 2026"
"X46","Gonzales-Escalante et al., 2022","Microb Drug Resist","https://doi.org/10.1089/mdr.2021.0128","Perú","NO RECUPERADO","E4","Single-isolate whole-genome report (ST147, mcr-1 + blaNDM-1); no prevalence estimate","NO","SI (PMID 34698586)","NO","SI","PubMed/Scopus 2026"
"X47","Naomi-Matsuoka et al., 2020","Rev Peru Med Exp Salud Publica","https://doi.org/10.17843/rpmesp.2020.374.5422","Perú (Lima, INMP)","EXCLUIDO","E5","Resistance-selected sampling (only multidrug-resistant isolates from a stored collection); no population denominator","NO","SI (PMID 33566913)","NO","SI","PubMed/Scopus 2026"
"X48","Gonzales Zamora, 2018","Medwave","https://doi.org/10.5867/medwave.2018.03.7213","Perú","EXCLUIDO","E6","Not a primary observational study (letter to the editor without primary data)","NO","SI (PMID 29958265)","NO","SI","PubMed/Scopus 2026"
"X49","Resurrección-Delgado et al., 2017","Rev Peru Med Exp Salud Publica","https://doi.org/10.17843/rpmesp.2017.342.2615","Perú (Lima, Hosp. Dos de Mayo)","EXCLUIDO","E4","Case series of nine patients with NDM-producing K. pneumoniae; no prevalence estimate","NO","SI (PMID 29177386)","NO","SI","PubMed/Scopus 2026"
"X50","Falconí-Sarmiento et al., 2018","Rev Peru Med Exp Salud Publica","https://doi.org/10.17843/rpmesp.2018.351.3601","Perú (Lima, Hosp. Cayetano Heredia)","INCLUIDO","","","SI","SI (PMID 29924279)","NO","SI","PubMed/Scopus 2026"
"X51","Revoredo Rego et al., 2016","Rev Gastroenterol Peru","http://www.scielo.org.pe/pdf/rgp/v36n2/a03v36n2.pdf","Perú (Lima, HNGAI)","EXCLUIDO","E1","Susceptibility reported for Klebsiella at genus level only (K. pneumoniae pooled with K. oxytoca)","NO","SI (PMID 27409087)","NO","SI","PubMed/Scopus 2026"
"X52","Morante et al., 2021","Pathog Glob Health","https://doi.org/10.1080/20477724.2020.1845479","Perú (Lima, 3 instituciones)","EXCLUIDO","E3","Resistance percentages pool clinical isolates with non-human (fomite) isolates and cannot be disaggregated","NO","SI (PMID 33455564)","NO","SI","PubMed/Scopus 2026"
"X53","Rabagliati et al., 2024","Open Forum Infect Dis","https://doi.org/10.1093/ofid/ofae052","Chile, Ecuador y Perú","EXCLUIDO","E2","Peruvian data not disaggregated (pooled with Chile and Ecuador)","NO","SI (PMID 38444817)","NO","SI","PubMed/Scopus 2026"
"X54","Copaja-Corzo et al., 2026","JAC Antimicrob Resist","https://doi.org/10.1093/jacamr/dlag164","Perú (Lima, HNGAI)","EXCLUIDO","E7","No K. pneumoniae-specific 3GC data (only ESBL phenotype; cohort restricted to carbapenem-susceptible isolates)","NO","SI (PMID 42577016)","NO","NO - excluido en el cribado por fecha: publicado despues de julio de 2026 (ventana declarada: enero 2003 - julio 2026). Se leyo a texto completo solo como verificacion interna.","PubMed/Scopus 2026"
"I10","Quispe et al., 2020","J Infect Dev Ctries","https://doi.org/10.3855/jidc.12568","Perú (Lima, INMP)","INCLUIDO","","","SI","NO","SI","SI","PubMed/Scopus 2026"
"I11","Chilón-Chávez et al., 2022","Rev Fac Med Hum","https://doi.org/10.25176/RFMH.v22i2.4275","Perú (Lambayeque)","INCLUIDO","","","SI","NO","SI","SI","PubMed/Scopus 2026"
"X55","Achong-Sánchez et al., 2024","Rev Fac Med Hum","https://doi.org/10.25176/RFMH.v24i4.6573","Perú (Loreto)","EXCLUIDO","E7","No extractable K. pneumoniae 3GC numerator/denominator (susceptibility reported as percentages only, per-drug denominators not reported)","NO","NO","SI","SI","PubMed/Scopus 2026"
"C04","Gómez de la Torre Pretell et al., 2026","PLoS One","https://doi.org/10.1371/journal.pone.0356004","Perú (Lima, laboratorio de referencia)","EXCLUIDO","FECHA","Published after July 2026 (outside the eligibility window)","NO","SI (PMID 42636225)","NO","NO - excluido en el cribado por fecha: publicado despues de julio de 2026 (ventana declarada: enero 2003 - julio 2026). Se leyo a texto completo solo como verificacion interna.","PubMed/Scopus 2026"
"I12","Gonzales et al., 2019","Rev Med Hered","https://doi.org/10.20453/rmh.v30i4.3659","Perú (Lima, INSN-Breña)","INCLUIDO","","","SI","NO","NO","SI","Otras fuentes (Google Scholar, SciELO 2025, cribado original)"
"X57","Soza Bieli-Bianchi et al., 2021","Rev Peru Investig Matern Perinat","https://doi.org/10.33421/inmp.2021223","Perú (Lima, INMP)","EXCLUIDO","E5","Resistance-selected sampling (36 multidrug-resistant isolates from a stored collection); no population denominator","NO","NO","NO","SI","Otras fuentes (Google Scholar, SciELO 2025, cribado original)"
"X58","Quispe Aro, 2016","Doctoral thesis, Universidad Católica de Santa María","https://repositorio.ucsm.edu.pe/bitstream/20.500.12920/5189/1/9F.0344.DR.pdf","Perú (Arequipa)","EXCLUIDO","E8","Unpublished thesis (grey literature, not peer-reviewed); excluded under the protocol restriction to published studies","NO","NO","NO","SI","Otras fuentes (Google Scholar, SciELO 2025, cribado original)"
"X59","Ugarte Silva et al., 2018","An Fac Med (Lima)","https://doi.org/10.15381/anales.v79i3.15317","Perú (Lima)","EXCLUIDO","E5","Resistance-selected sampling (10 colistin-resistant isolates, 1 K. pneumoniae); no population denominator","NO","NO","NO","SI","SciELO 2026-10-06"
"X60","López-Ramírez et al., 2018","Horiz Med (Lima)","https://doi.org/10.24265/horizmed.2018.v18n2.01","Perú (Lambayeque)","EXCLUIDO","E5","Resistance-selected sampling (30 ESBL-producing isolates chosen for clonality analysis, 10 K. pneumoniae); no population denominator","NO","NO","NO","SI","SciELO 2026-10-06"
"X61","Rivera-Jacinto et al., 2015","Rev Peru Med Exp Salud Publica","https://doi.org/10.17843/rpmesp.2015.324.1769","Perú (Cajamarca; superficies hospitalarias)","EXCLUIDO","E3","Non-human isolates (hospital surfaces)","NO","NO","NO","SI","SciELO 2026-10-06"
"X62","Rivera-Jacinto et al., 2011","Rev Med Hered","http://www.scielo.org.pe/scielo.php?script=sci_arttext&pid=S1018-130X2011000200005","Perú (Cajamarca; ambiente hospitalario)","EXCLUIDO","E3","Non-human isolates (environmental reservoirs of a hospital)","NO","NO","NO","SI","SciELO 2026-10-06"
"X63","Lezameta et al., 2010","Rev Peru Med Exp Salud Publica","https://doi.org/10.17843/rpmesp.2010.273.1556","Perú (Lima)","EXCLUIDO","E7","No K. pneumoniae-specific 3GC data (comparison of ESBL detection methods; results not reported by species)","NO","NO","NO","SI","SciELO 2026-10-06"
"I14","Morales et al., 2005","An Fac Med (Lima)","http://www.scielo.org.pe/scielo.php?script=sci_arttext&pid=S1025-55832005000100005","Perú (Lima)","INCLUIDO","","","SI","NO","NO","SI","SciELO 2026-10-06"
"X64","Aquino et al., 2017","Rev Peru Med Exp Salud Publica","https://doi.org/10.17843/rpmesp.2017.343.2644","Perú (Lima)","EXCLUIDO","E7","Molecular characterisation of respiratory isolates from cystic fibrosis patients; no antimicrobial susceptibility testing","NO","NO","NO","SI","SciELO 2026-10-06"
"X65","Oliva-Menacho et al., 2016","Rev Med Hered","http://www.scielo.org.pe/scielo.php?script=sci_arttext&pid=S1018-130X2016000200003","Perú (Lima)","EXCLUIDO","E3","Non-human isolates (stethoscopes)","NO","NO","NO","SI","SciELO 2026-10-06"
"X66","Adrianzén et al., 2013","Rev Peru Med Exp Salud Publica","http://www.scielo.org.pe/scielo.php?script=sci_arttext&pid=S1726-46342013000100004","Perú (Lima)","EXCLUIDO","E1","Klebsiella reported at genus level only (bacteraemia by E. coli or Klebsiella spp.)","NO","NO","NO","SI","SciELO 2026-10-06"
"X67","Shimabuku et al., 2004","An Fac Med (Lima)","http://www.scielo.org.pe/scielo.php?script=sci_arttext&pid=S1025-55832004000100004","Perú (Lima)","EXCLUIDO","E1","Klebsiella reported at genus level only (Klebsiella sp. in neonatal sepsis)","NO","NO","NO","SI","SciELO 2026-10-06"
"X68","Cabanillas-Rodríguez et al., 2024","Gac Med Bol","https://doi.org/10.47993/gmb.v47i2.817","Perú (Trujillo)","EXCLUIDO","E5","Resistance-selected sampling (carbapenem-resistant isolates only); no population denominator","NO","NO","NO","SI","LILACS 2026-10-07"
"I15","Sosa-Flores & Chapoñan-Mendoza, 2024","Rev Cuerpo Med HNAAA","https://doi.org/10.35434/rcmhnaaa.2024.174.2425","Perú (Chiclayo)","INCLUIDO","","","SI","NO","NO","SI","LILACS 2026-10-07"
"X69","Raraz-Vida et al., 2021","Bol Malariol Salud Ambient","http://iaes.edu.ve/iaespro/ojs/index.php/bmsa/article/view/371","Perú (Lima)","EXCLUIDO","E7","No K. pneumoniae-specific 3GC data (E. coli and S. saprophyticus only)","NO","NO","NO","SI","LILACS 2026-10-07"
"X70","Suarez et al., 2018","An Fac Med (Lima)","https://doi.org/10.15381/anales.v79i1.14590","Perú (Lima)","EXCLUIDO","E5","Resistance-selected sampling (62 ESBL-producing isolates for plasmid profiling); no population denominator; same hospital and period as Gonzales 2019","NO","NO","NO","SI","LILACS 2026-10-07"
"I16","Méndez Chacón et al., 2017","An Fac Med (Lima)","https://doi.org/10.15381/anales.v78i1.13015","Perú (Lima)","INCLUIDO","","","SI","NO","NO","SI","LILACS 2026-10-07"
"I17","Fernández-Mogollón et al., 2016","Rev Cuerpo Med HNAAA","http://cmhnaaa.org.pe/ojs/index.php/rcmhnaaa/article/view/141","Perú (Chiclayo)","INCLUIDO","","","SI","NO","NO","SI","LILACS 2026-10-07"
"X71","López Zenteno, 2015","Thesis, Universidad Nacional Mayor de San Marcos","http://ateneo.unmsm.edu.pe/ateneo/bitstream/123456789/4710/1/Lopez_Zenteno_Ninoska_Liz_2015.pdf","Perú (Lima)","EXCLUIDO","E8","Unpublished thesis","NO","NO","NO","SI","LILACS 2026-10-07"
"X72","Pachas Serpa, 2014","Thesis, Lima","https://pesquisa.bvsalud.org/portal/resource/es/biblio-1113905","Perú (Lima)","EXCLUIDO","E8","Unpublished thesis","NO","NO","NO","SI","LILACS 2026-10-07"
"X73","Huamán Cárdenas, 2012","Thesis, Lima","https://pesquisa.bvsalud.org/portal/resource/es/biblio-1113058","Perú (Lima)","EXCLUIDO","E8","Unpublished thesis","NO","NO","NO","SI","LILACS 2026-10-07"
"X74","Torres Rosas, 2010","Thesis, Lima","https://pesquisa.bvsalud.org/portal/resource/es/lil-667195","Perú (Lima)","EXCLUIDO","E8","Unpublished thesis","NO","NO","NO","SI","LILACS 2026-10-07"
"X75","Echevarría et al., 1998","Bol Soc Peru Med Interna","https://pesquisa.bvsalud.org/portal/resource/es/lil-227654","Perú (Lima)","EXCLUIDO","FECHA","Published before January 2003 (outside the publication window)","NO","NO","NO","SI","LILACS 2026-10-07"
"X76","Quino et al., 2026","JAC Antimicrob Resist","https://doi.org/10.1093/jacamr/dlag011","Perú (heces, E. coli)","EXCLUIDO","E7","No K. pneumoniae-specific 3GC data (genomic study of ESBL-producing E. coli only)","NO","NO","NO","SI","Scopus cadena alineada 2026-10-07"
"X77","Gutierrez Batallanos et al., 2026","New Microbes New Infect","https://doi.org/10.1016/j.nmni.2026.101824","Perú (Lima; colonización)","EXCLUIDO","FECHA","Published after July 2026 (4 August 2026); intestinal colonisation survey with Enterobacterales not reported by species","NO","NO","NO","SI","Scopus cadena alineada 2026-10-07"
"X78","Mayta-Barrios et al., 2025","JAC Antimicrob Resist","https://doi.org/10.1093/jacamr/dlaf203","Perú (laboratorio nacional de referencia)","EXCLUIDO","E5","Resistance-selected sampling (isolates submitted to the national reference laboratory for suspected carbapenemase genes); no population denominator","NO","NO","NO","SI","Scopus cadena alineada 2026-10-07"
"X79","Loyola et al., 2016","Am J Infect Control","https://doi.org/10.1016/j.ajic.2016.02.020","Perú (celulares de personal de salud)","EXCLUIDO","E3","Non-human isolates (health-care workers' cell phones)","NO","NO","NO","SI","Scopus cadena alineada 2026-10-07"
"X80","Sernaque Mechato et al., 2026","Rev Fac Med Hum","https://doi.org/10.25176/RFMH.v26i1.7893","Perú (Lima)","EXCLUIDO","E5","Resistance-selected sampling (case-control study of patients with confirmed multidrug-resistant organism infection); no population denominator","NO","NO","NO","SI","Scopus cadena alineada 2026-10-07"
